DNMT3A	IDH1	NPM1	IDH2	RUNX1	NRAS	CEBPA	FLT3	TP53	TET2	WT1
A-674563	NA	0.05426646868897941	-0.050133597841076655	NA	-0.1086454297467564	NA	-0.1020632311382309	-0.18584069948556878	-0.0985433064190426	NA	-0.04830496067928577
Afatinib (BIBW-2992)	NA	0.03846028493907144	0.025844991273530137	NA	-0.05666623386158436	NA	-0.11447988260686624	-0.22061130032229723	-0.13047404614442645	NA	0.09982917184020926
Alisertib (MLN8237)	NA	-0.0037202399109439654	-0.00937369947351718	NA	-0.018408293776801556	NA	-0.08768482254840175	-0.03828654614337561	-0.08562306370364996	NA	-0.11968052448934387
Axitinib (AG-013736)	NA	0.15810285578270095	-0.06582778572597946	NA	0.01702635408423808	NA	-0.026221006989050197	0.002529451046063435	-0.061491358918747414	NA	-0.05866883678490374
AZD1480	NA	0.1267757499323465	-0.07125517498288307	NA	-0.07886236208494177	NA	0.01618185073511716	-0.0454410035327179	-0.0692553020633306	NA	-0.02595641829539697
Barasertib (AZD1152-HQPA)	NA	0.017110965240027223	0.04652013869773432	NA	-0.030982059131731007	NA	-0.13981059161817058	0.0016869710956769369	-0.10006431033769879	NA	0.06275262487239443
BEZ235	NA	-0.02237434884162589	-0.050448600802164366	NA	-0.08445160480445635	NA	-0.048761150194058356	-0.0590552800698379	-0.007233327519099571	NA	-0.09368543416201913
BMS-345541	NA	-0.18385327298016493	-0.057619352559452046	NA	-0.02439376123293037	NA	-0.014153147507265863	-0.20691503464306937	-0.06963489216296613	NA	0.09391739238763207
Bortezomib (Velcade)	NA	0.13441272953820993	-0.07258799509540584	NA	0.016926541438373754	NA	0.1499135938948527	0.03724350601539408	0.05599364261311825	NA	-0.06658505946879245
Bosutinib (SKI-606)	NA	0.14767154460219092	0.023288157296313613	NA	0.008446339211034035	NA	-0.024144059691403097	-0.13532354113426479	-0.0777308936794902	NA	-0.0032546244528408024
Canertinib (CI-1033)	NA	0.10190528300752584	-0.09676299019421938	NA	-0.21277931717536752	NA	0.04781150062995306	0.002756934027065589	-0.02658788323069833	NA	-0.11011010966812822
Cediranib (AZD2171)	NA	0.06564098307131483	0.0699145356198988	NA	0.04818954693241412	NA	0.0634161847145883	-0.1495926254051474	-0.0323484377170947	NA	0.06096256530709717
CHIR-99021	NA	0.07692963154551914	-0.0023021584563565054	NA	-0.1586129247177518	NA	-0.037378928884637036	-0.1637440635845425	-0.06917416980246531	NA	-0.14086717080199693
CI-1040 (PD184352)	NA	-0.023693971514682645	-0.004738134611502402	NA	-0.1358509756242125	NA	0.12416866342391321	0.004390958799973253	-0.014280461051541137	NA	-0.01742257492447295
Crenolanib	NA	-0.14321195142214257	0.09432071576363557	NA	0.038912765632199475	NA	-0.007699672820778331	-0.09473352036019028	0.09118489834869155	NA	0.09002322219756877
Crizotinib (PF-2341066)	NA	0.1333853706996911	-0.013856414121266637	NA	-0.0199963702020257	NA	-0.025476120947080898	-0.059390168676386704	0.026969635736056305	NA	-0.06839351899516391
CYT387	NA	-0.00794103735868475	0.015644606519846917	NA	-0.06697668511397256	NA	-0.07688727011634111	-0.17919879400332578	-0.04703692582770859	NA	0.06903206048918105
Dasatinib	NA	0.14749952350975315	-0.023834765105603426	NA	0.043387568292609466	NA	0.03372969707162057	-0.12935287994692848	0.006960444764549	NA	0.10805266219139295
Doramapimod (BIRB 796)	NA	0.08750166012237716	-0.007349116231349988	NA	0.011332082400446525	NA	-0.0021089051140723097	-0.14302316289292588	-0.015726963373674213	NA	-0.020830540966679755
Dovitinib (CHIR-258)	NA	0.11337267732587043	-0.018757657212830604	NA	-0.01862301500642644	NA	-0.04167637928448516	-0.02201876235296808	-0.14099148641134016	NA	-0.011854855157068203
Erlotinib	NA	0.026725726204239693	0.01480844482210095	NA	0.007108731872055232	NA	-0.21097203915351365	-0.07730843266290512	-0.1925577411996664	NA	-0.028927662399750316
Flavopiridol	NA	-0.11790391471495561	-0.1920740530219551	NA	-0.030388071834606192	NA	0.14649128380121113	0.049227974875424754	0.19581804567271	NA	-0.06336710315172496
Foretinib (XL880)	NA	0.11094496543109561	-0.06390899908415172	NA	-0.015305611109119793	NA	-0.05434709827009322	-0.006067075741868882	-0.08834531316878896	NA	0.025792629444574156
GDC-0879	NA	-0.011039441052596594	-0.0618957938467986	NA	-0.1935835009182326	NA	0.01506926463242414	0.060302088573320596	0.002916671489311057	NA	0.041944916474639736
Gefitinib	NA	0.07095340099898709	-0.06310551879744652	NA	-0.09188687338200688	NA	-0.09510183849649508	-0.08734753055607566	-0.15626669997620057	NA	0.06275256455824056
GSK-1838705A	NA	0.0658981310880059	0.08538533089060067	NA	-0.0830237084385439	NA	-0.0463999466465513	-0.06354993107891159	-0.005505913596777762	NA	0.09983696523832494
GSK-1904529A	NA	0.16213251940339013	-0.13777413006965444	NA	-0.13703197243764212	NA	-0.0039049762759567432	-0.06898480047644168	-0.09356954145701524	NA	-0.07088740806815164
GSK690693	NA	0.08473724561201376	0.015960247025007764	NA	-0.08394189866483572	NA	-0.011914394808149473	-0.08109436967391587	-0.028926682590835587	NA	0.0398416327537421
Idelalisib	NA	0.16694013498935775	0.000332957586059329	NA	-0.03596285108339047	NA	-0.12051395395323333	-0.19902177539215596	-0.030472581205723232	NA	-0.06772003098802527
Imatinib	NA	0.16672828554998848	0.04458107210037255	NA	0.034445653293370224	NA	0.05162845610772959	0.017778779688205064	-0.06769275596415077	NA	0.07684165940634295
INK-128	NA	0.04093116105425254	0.06173544084339792	NA	-0.1231913111730946	NA	-0.03746771151492078	-0.025184890890080157	0.03764528425542201	NA	-0.05090331654806436
JAK Inhibitor I	NA	0.03785414118820918	-0.11239210484486324	NA	-0.18424277608391287	NA	0.005050242851445598	-0.001026898366743166	-0.16582243860144963	NA	-0.07530655221108318
JNJ-38877605	NA	0.06094282553406096	0.023363653873141935	NA	-0.03919095928513227	NA	-0.251786333936295	0.050520718236053745	-0.0431159093902967	NA	-0.1166166477659981
JNJ-7706621	NA	-0.14746866673631434	-0.030964108875524723	NA	0.02477365114945744	NA	0.07911396321164856	0.0285503600121678	0.019887970911807416	NA	0.031806920948615126
KI20227	NA	0.19041248049185835	-0.05285442314421957	NA	0.07217867849355988	NA	0.08091420893407457	-0.04687165976521085	-0.02486636411307332	NA	0.03531951635991057
KU-55933	NA	0.035487283669939605	0.08302868368734326	NA	-0.03995047970865228	NA	-0.059475013101830045	-0.12911844833334213	-0.04903668713450598	NA	0.04892699116174016
KW-2449	NA	0.13401005060490323	0.12242582191774391	NA	0.04653343322563063	NA	-0.12499297618921362	-0.025618950924481937	-0.08576247493346117	NA	0.04708194628201242
Lapatinib	NA	0.15303236081300042	0.0263544625946077	NA	-0.11638917389153924	NA	-0.13703061332811778	0.005331869132856438	-0.0885444805655276	NA	-0.07229703491333216
Linifanib (ABT-869)	NA	0.03431634525972785	-0.10263733723650964	NA	0.09978506659611341	NA	0.05886785680952954	0.04763260643016465	0.06156019873007214	NA	0.05023020626056365
LY-333531	NA	-0.007637200440104347	0.06329825034097276	NA	-0.027829837656599403	NA	-0.10872140397784691	-0.11294280784530553	-0.11540158885251092	NA	-0.054280254448011385
Masitinib (AB-1010)	NA	0.2229141954852066	-0.09579749882884225	NA	-0.07444122701861665	NA	-0.0025988526419753457	-0.10508435211755965	-0.12251900334018398	NA	-0.13703859356725082
Midostaurin	NA	0.06340662620298883	0.01950237064631606	NA	0.04055211414775664	NA	0.006597840774366734	-0.024907851046070167	0.061561943525338746	NA	-0.11920627637598669
MLN120B	NA	0.0013936654895923381	-0.0405258664541197	NA	-0.05596877685477651	NA	-0.12294624727314853	-0.05587663632268571	-0.12334149626212829	NA	0.04259265254725139
MLN8054	NA	-0.0008788724208578602	0.13323608596344155	NA	-0.05678481614407623	NA	-0.24423655296341915	-0.05535849875839649	-0.19932233997988397	NA	0.04297560117202554
Motesanib (AMG-706)	NA	0.12677364045117812	0.029934021292629957	NA	0.09184427147992451	NA	0.1418678307140832	-0.04969495223301622	0.004454945301816427	NA	0.07596874066647186
Neratinib (HKI-272)	NA	-0.03708744049710368	0.1075210302809292	NA	-0.10220998021091511	NA	-0.14452584148265232	-0.08260233468444685	-0.1375746166241658	NA	0.047271917702045536
Nilotinib	NA	0.06791991228548068	-0.03455173080028645	NA	0.13614620131704644	NA	0.11224422655677566	0.03466246286049108	0.13180481309155687	NA	0.015611425951575567
NVP-TAE684	NA	0.09943643218466026	0.06259311133903549	NA	-0.03432372480865414	NA	-0.16591239880049108	-0.07440655958150144	-0.14406063801676666	NA	0.1061933321464714
Pazopanib (GW786034)	NA	0.1644790209148039	0.048437734413735584	NA	0.041176003510664756	NA	-0.10360905303031472	-0.07309979243246975	-0.09371551947654753	NA	0.09624443873162422
PD173955	NA	0.04632433552674584	-0.04594639711442493	NA	-0.13390389776601586	NA	-0.1112765897847484	-0.03587200774851386	-0.0419880990311109	NA	0.04936125863719131
Pelitinib (EKB-569)	NA	0.04865442723258022	0.016817687176864514	NA	-0.07278166431524569	NA	-0.07700324360493026	-0.07504086392731664	-0.12465834926329253	NA	-0.04509184680172192
PHA-665752	NA	0.09057627458841032	0.14336988871116962	NA	-0.06891379179434111	NA	-0.11010461255057848	0.04043074186905057	0.03369765164206944	NA	0.05939547793271872
PI-103	NA	0.08714735391008911	0.0001557659211477232	NA	-0.14071253603785214	NA	0.006270957155354218	-0.004763633654012836	-0.017404718882493432	NA	-0.06121438932480988
Ponatinib (AP24534)	NA	0.008080574610465853	0.0270977717566336	NA	-0.055050256665631035	NA	-0.09014150810815172	-0.14793133097444333	-0.09066934765664766	NA	0.02254809442236687
PP242	NA	0.0804984629240426	0.06326274942520005	NA	-0.08221258938416595	NA	-0.03456132601815198	-0.11523300505158456	-0.15165648694107522	NA	-0.02148613215558377
PRT062607	NA	0.10387340346779413	-0.08377364976211793	NA	0.009653288582922805	NA	0.059702074471748426	-0.09130147435145779	-0.06077539250267638	NA	0.049754255190046164
Quizartinib (AC220)	NA	0.1275971204491799	0.0723407850694861	NA	-0.03272905463624442	NA	-0.09055496786395001	-0.04141142993125229	-0.07867627242233073	NA	-0.011849530132002292
RAF265 (CHIR-265)	NA	-0.027406717603146984	0.025699003879835532	NA	0.06300892599956215	NA	0.07110372184933043	-0.019630132061007503	-0.03469172951542813	NA	-0.1331558492575231
Rapamycin	NA	0.1475589955748929	-0.0006725831825509782	NA	-0.046449358425279315	NA	0.021585307179297526	-0.07510779599938645	-0.00012360527066849924	NA	-0.006955742255768909
Regorafenib (BAY 73-4506)	NA	0.11592520467986973	0.027250338646277725	NA	-0.023852338755958564	NA	-0.06375410252384928	-0.006638097911323086	-0.034225990127882244	NA	-0.03435500778575631
Roscovitine (CYC-202)	NA	0.026336737312954703	0.027573651185813626	NA	-0.008442709418319204	NA	-0.08090840167296223	-0.020607464453419027	-0.05933762978136617	NA	-0.0735902108898772
Ruxolitinib (INCB018424)	NA	0.054547460149977973	0.032613994619605305	NA	-0.11278361710756767	NA	-0.04134632130430152	-0.01188126864829641	-0.09821400367806259	NA	0.05272555112216781
SB-431542	NA	0.020435578933333268	-0.03853462293838304	NA	-0.09337040618540789	NA	-0.1100936747759996	0.07142217584286532	-0.07250891605113038	NA	-0.1209434542724923
Selumetinib (AZD6244)	NA	-0.006679012469198369	-0.06767123780783701	NA	0.06533973924438516	NA	0.15048268809019713	0.03825479884551957	0.1911476547990806	NA	-0.008164853319071247
SGX-523	NA	0.01661335573087316	-0.0008837074861114262	NA	-0.10258412721143485	NA	-0.05683377612396574	-0.07425199906760062	-0.0038977211151169414	NA	0.03655661730686101
SNS-032 (BMS-387032)	NA	-0.1343585897231798	-0.1363980077221413	NA	-0.04851679788755055	NA	0.07262026145164044	-0.03997013885669204	0.041549090647381284	NA	-0.051528959857166386
Sorafenib	NA	0.11651521504085084	-0.04819422957675783	NA	-0.03514503894536859	NA	-0.11423723739455724	-0.04669965436347487	-0.13536477201196936	NA	-0.046540531657960356
STO609	NA	0.06612102101340249	0.04654183272087993	NA	-0.10528349487369416	NA	-0.10001829187817182	-0.08162243551929478	0.025118595979099108	NA	0.036556542782051976
Sunitinib	NA	0.14315759132974096	-0.05799984622970722	NA	0.010878230882376607	NA	-0.024379712879483213	-0.07035820127411326	-0.057846215653283344	NA	0.040437617773942836
TG100-115	NA	0.07684464433791431	-0.04399810588560068	NA	-0.08671421952265619	NA	-0.051928334702201984	0.06357275045274904	0.014258894840530188	NA	0.04892699116174027
Tofacitinib (CP-690550)	NA	0.022178842270966767	-0.015449109132870942	NA	-0.05194460641061895	NA	0.08027915201970594	-0.028471528619900675	0.05897771552695087	NA	0.08472762382742847
Tozasertib (VX-680)	NA	0.034433413125777364	0.00016151698094341786	NA	-0.0668215465168492	NA	-0.10845659597317005	0.012124258136281794	0.022559151797729736	NA	0.022828546842125944
Trametinib (GSK1120212)	NA	-0.0049997936749684386	-0.004104197453065088	NA	-0.06361963905115958	NA	0.13018898850585303	-0.02175585935262298	0.08399403692649215	NA	0.023769155427791552
Vandetanib (ZD6474)	NA	0.10881610974290547	-0.05480407439041283	NA	-0.04054386917097766	NA	0.010835004705525045	-0.11131711363638354	-0.10747771651125702	NA	-0.005823025975576829
Vargetef	NA	0.035116648207394574	0.10763371690211052	NA	0.01618073491124208	NA	-0.16244783606771254	-0.23414473336408675	-0.08993269958331077	NA	-0.014021984089383085
Vatalanib (PTK787)	NA	-0.010139646488889051	0.02890655954510113	NA	-0.061844146877788345	NA	-0.11768658163690081	-0.08248897409063968	-0.07787140425757967	NA	-0.05468538685490266
Vismodegib (GDC-0449)	NA	0.09143176791037386	0.04361703956938709	NA	0.07580192813655114	NA	0.0378227383471723	0.06188363445697386	-0.0550465936020836	NA	0.0266123949259442
VX-745	NA	0.11948805486115574	-0.004923345008367161	NA	-0.07464561097318678	NA	-0.0026540357816885345	-0.04003312087548254	-0.1570260978097368	NA	-0.11387755494310516
YM-155	NA	-0.10915186066976457	-0.1404274091877936	NA	-0.031779139826429194	NA	0.10666879761353598	0.09632017512179103	0.09855880523654097	NA	-0.08648515352681649
